,1,
													1JANATAMF												
											,6.2,6.2,6.1,6.2,6.1,0.1,103,1.494,242,355
,2,
												
													1STPRIMFMF												
											,16.5,16.7,16.3,16.5,16.5,0,129,3.473,210,614
,3,
												
													AAMRANET												
											,37.5,38.9,37.4,37.5,37.9,-0.4,448,13.867,364,112
,4,
												
													AAMRATECH												
											,32.8,34,32.8,32.8,33.4,-0.6,547,27.249,819,360
,5,
												
													ABB1STMF												
											,5.5,5.5,5.4,5.5,5.4,0.1,48,4.374,800,631
,6,
												
													ABBANK												
											,11,11.3,10.6,11,10.6,0.4,542,26.996,2,476,813
,7,
												
													ACFL												
											,26,26.4,25.9,26,26.3,-0.3,126,2.443,93,468
,8,
												
													ACI												
											,280.4,283.7,279.1,280.4,282.9,-2.5,521,15.357,54,798
,9,
												
													ACIFORMULA												
											,169.8,173.8,169.8,169.8,173.2,-3.4,2,068,98.16,574,205
,10,
												
													ACMELAB												
											,89.3,90.9,88.5,89.3,89.4,-0.1,420,19.585,218,892
,11,
												
													ACMEPL												
											,29.1,29.8,29.1,29.1,29.6,-0.5,701,17.131,586,455
,12,
												
													ACTIVEFINE												
											,21.2,21.7,21,21.2,21.4,-0.2,818,31.482,1,469,503
,13,
												
													ADNTEL												
											,66.8,67.9,66.5,66.8,67.5,-0.7,432,18.351,273,324
,14,
												
													ADVENT												
											,25.8,26.7,25.7,25.8,26.1,-0.3,411,13.973,533,298
,15,
												
													AFCAGRO												
											,23.3,23.7,23.1,23.2,23.5,-0.2,266,4.892,209,544
,16,
												
													AFTABAUTO												
											,26.1,26.6,25.9,26.1,26.1,0,82,1.15,43,943
,17,
												
													AGNISYSL												
											,22.5,23.2,22.5,22.5,22.8,-0.3,581,26.678,1,172,659
,18,
												
													AGRANINS												
											,42.2,42.8,41.2,41.9,41.7,0.5,130,1.63,38,751
,19,
												
													AIBL1STIMF												
											,9.1,9.2,8.9,9.1,8.9,0.2,103,2.458,270,158
,20,
												
													AIL												
											,46,48.7,45.8,46,45.8,0.2,187,5.984,129,757
,21,
												
													AL-HAJTEX												
											,95.5,99.7,95.5,95.9,96.1,-0.6,347,12.862,133,631
,22,
												
													ALARABANK												
											,26,26.1,25.9,26,25.9,0.1,77,1.843,71,011
,23,
												
													ALIF												
											,13.5,13.9,13.4,13.5,13.6,-0.1,925,36.833,2,705,321
,24,
												
													ALLTEX												
											,23.6,25,23.5,23.6,23.3,0.3,1,091,36.39,1,497,439
,25,
												
													AMANFEED												
											,35.9,36.8,35.4,35.9,35.4,0.5,846,21.566,598,056
,26,
												
													AMBEEPHA												
											,470,479.8,460,470,463.6,6.4,169,4.008,8,573
,27,
												
													AMCL(PRAN)												
											,270,276,266.4,267.9,270.3,-0.3,484,9.054,33,292
,28,
												
													ANLIMAYARN												
											,34.7,35.9,34.7,34.8,35.1,-0.4,77,0.748,21,380
,29,
												
													ANWARGALV												
											,362.4,366,360.7,362.4,360.5,1.9,153,4.043,11,134
,30,
												
													AOL												
											,36.8,39.3,36.6,36.8,37.1,-0.3,172,3.934,106,229
,31,
												
													APEXFOODS												
											,181.6,188.6,181.4,181.6,185.1,-3.5,526,9.415,50,963
,32,
												
													APEXFOOT												
											,276.8,285,275,276.8,280.4,-3.6,360,8.071,28,809
,33,
												
													APEXSPINN												
											,132.4,136.9,132.4,133.8,134.4,-2,362,8.83,65,487
,34,
												
													APEXTANRY												
											,156.8,162.4,154.2,154.8,157.3,-0.5,429,18.322,116,516
,35,
												
													APOLOISPAT												
											,8.3,8.5,8.3,8.3,8.3,0,241,4.611,550,703
,36,
												
													ARAMIT												
											,288.8,300,288,288.8,288.9,-0.1,222,5.947,20,156
,37,
												
													ARAMITCEM												
											,26,26.7,25.7,26,26.2,-0.2,402,3.414,129,794
,38,
												
													ARGONDENIM												
											,18.1,18.4,17.7,18.2,17.8,0.3,142,3.244,178,020
,39,
												
													ASIAINS												
											,53.7,54.5,53,53.7,53.5,0.2,766,19.532,362,587
,40,
												
													ASIAPACINS												
											,51,51.2,50.5,50.9,50.5,0.5,52,1.171,23,082
,41,
												
													ATCSLGF												
											,9.7,9.9,9.6,9.7,9.7,0,80,1.285,132,389
,42,
												
													ATLASBANG												
											,104,110,104,106.1,104.6,-0.6,98,2.578,24,239
,43,
												
													AZIZPIPES												
											,92.9,95.2,92.7,92.9,94.4,-1.5,143,2.043,21,811
,44,
												
													BANGAS												
											,131.7,137.7,131.2,131.7,133.8,-2.1,782,20.696,154,498
,45,
												
													BANKASIA												
											,19.2,19.3,18.5,19.2,18.5,0.7,78,5.751,306,556
,46,
												
													BARKAPOWER												
											,24.5,24.7,24.4,24.5,24.6,-0.1,181,4.453,181,415
,47,
												
													BATASHOE												
											,918.5,920,901.7,916.9,906.3,12.2,47,0.827,903
,48,
												
													BATBC												
											,550,555.8,548,549.7,551.2,-1.2,1,938,74.6,135,230
,49,
												
													BAYLEASING												
											,27.4,28,27.4,27.4,27.9,-0.5,914,44.513,1,612,643
,50,
												
													BBS												
											,23.7,24.3,23.7,23.7,24.1,-0.4,840,40.564,1,697,213
,51,
												
													BBSCABLES												
											,54.8,56.3,54.7,54.8,55.2,-0.4,445,15.937,287,272
,52,
												
													BDAUTOCA												
											,133.5,137.7,133,133.5,135.1,-1.6,138,1.538,11,443
,53,
												
													BDCOM												
											,30.5,31.8,30.4,30.5,30.8,-0.3,1,316,56.639,1,827,196
,54,
												
													BDFINANCE												
											,48,48.8,47.4,48,47.2,0.8,757,271.821,5,630,948
,55,
												
													BDLAMPS												
											,265.1,274,265.1,265.1,270.5,-5.4,918,31.843,118,840
,56,
												
													BDSERVICE												
											,0,0,0,5.2,5.2,--,0,0,0
,57,
												
													BDTHAI												
											,17.5,18.1,17.5,17.6,17.6,-0.1,261,5.185,291,896
,58,
												
													BDTHAIFOOD												
											,36.9,37.7,35.8,36.9,36.3,0.6,961,22.957,624,384
,59,
												
													BDWELDING												
											,18.7,19.1,18.5,18.6,18.8,-0.1,119,1.248,66,648
,60,
												
													BEACHHATCH												
											,38.4,39.8,38.3,38.4,39,-0.6,381,11.116,286,428
,61,
												
													BEACONPHAR												
											,285,291.1,285,287,289.6,-4.6,243,17.454,60,797
,62,
												
													BENGALWTL												
											,22.7,23.9,22.5,22.7,22.3,0.4,412,9.26,400,541
,63,
												
													BERGERPBL												
											,1,748,1,750,1,733,1,746.7,1,733.9,14.1,28,0.476,273
,64,
												
													BEXIMCO												
											,136.1,136.7,134.8,136.1,136.3,-0.2,4,425,650.383,4,789,885
,65,
												
													BGIC												
											,44.2,44.5,44,44.1,44.1,0.1,34,0.883,20,005
,66,
												
													BIFC												
											,6.7,6.9,6.7,6.7,6.7,0,12,0.127,18,970
,67,
												
													BNICL												
											,68.5,70,68.3,68.5,69.6,-1.1,259,6.057,87,728
,68,
												
													BPML												
											,52,53.2,51.9,52,52.8,-0.8,650,16.815,320,424
,69,
												
													BPPL												
											,32.6,33.4,32.5,32.6,33,-0.4,560,15.3,466,075
,70,
												
													BRACBANK												
											,41.4,42,40.7,41.4,40.9,0.5,856,103.365,2,518,792
,71,
												
													BSC												
											,118,120.3,118,118,120.4,-2.4,2,624,221.038,1,863,941
,72,
												
													BSCCL												
											,214.9,218,214.6,214.9,218.5,-3.6,425,21.008,97,133
,73,
												
													BSRMLTD												
											,98.2,101.5,98,98.2,100,-1.8,238,5.83,58,691
,74,
												
													BSRMSTEEL												
											,67.5,69.3,67.3,67.5,68,-0.5,342,20.291,298,243
,75,
												
													BXPHARMA												
											,162.7,165.5,155,162.7,155.6,7.1,2,337,249.085,1,537,553
,76,
												
													BXSYNTH												
											,0,0,0,8.4,8.4,--,0,0,0
,77,
												
													CAPMBDBLMF												
											,9.6,9.8,9.5,9.5,9.6,0,75,0.99,102,994
,78,
												
													CAPMIBBLMF												
											,13.1,13.2,12.9,13,12.9,0.2,103,1.254,96,231
,79,
												
													CENTRALINS												
											,42.6,42.9,42.3,42.6,42,0.6,74,1.283,30,080
,80,
												
													CENTRALPHL												
											,13.3,13.7,13.3,13.3,13.4,-0.1,230,6.061,450,743
,81,
												
													CITYBANK												
											,23.4,23.9,23.2,23.4,23.3,0.1,378,13.154,558,643
,82,
												
													CITYGENINS												
											,27.4,27.5,26.8,27.4,26.9,0.5,256,6.314,230,781
,83,
												
													CNATEX												
											,9.8,10.4,9.8,9.8,9.9,-0.1,199,8.53,862,517
,84,
												
													CONFIDCEM												
											,103.1,104.2,102.5,103.7,102.7,0.4,215,6.673,64,660
,85,
												
													CONTININS												
											,36.8,37,35.1,36.4,35.4,1.4,358,6.055,165,847
,86,
												
													COPPERTECH												
											,38.1,39.6,38.1,38.1,38.8,-0.7,728,37.975,983,104
,87,
												
													CROWNCEMNT												
											,67.3,67.3,66,66.3,67.3,0,30,0.315,4,763
,88,
												
													CRYSTALINS												
											,37.5,37.8,36,37.5,36.6,0.9,156,2.047,55,601
,89,
												
													CVOPRL												
											,191.6,199,190.1,191.6,192.8,-1.2,1,162,27.594,142,141
,90,
												
													DACCADYE												
											,17.9,18.6,17.8,17.9,18.1,-0.2,533,14.176,781,448
,91,
												
													DAFODILCOM												
											,69,70.2,69,69.4,70.2,-1.2,14,0.124,1,793
,92,
												
													DBH												
											,62.3,62.8,62,62.3,62.2,0.1,72,1.07,17,153
,93,
												
													DBH1STMF												
											,7.2,7.2,7.1,7.2,7.1,0.1,13,0.279,38,900
,94,
												
													DELTALIFE												
											,119.8,124.8,119.4,119.8,121.8,-2,1,276,52.658,434,790
,95,
												
													DELTASPINN												
											,8.3,8.6,8.3,8.3,8.4,-0.1,331,8.007,952,183
,96,
												
													DESCO												
											,36.8,37.3,36.8,36.8,37.2,-0.4,75,1.324,35,746
,97,
												
													DESHBANDHU												
											,17.9,18.3,17.8,17.9,18.1,-0.2,406,7.416,412,706
,98,
												
													DGIC												
											,30.6,30.9,29.8,30.6,29.8,0.8,205,3.529,116,392
,99,
												
													DHAKABANK												
											,13.3,13.8,13,13.5,13.1,0.2,168,5.311,399,828
,100,
												
													DHAKAINS												
											,54,55,53.2,54,53.4,0.6,131,2.701,50,152
,101,
												
													DOMINAGE												
											,21.3,21.8,21.1,21.3,21.1,0.2,223,3.138,147,516
,102,
												
													DOREENPWR												
											,77.6,78.9,77,77.6,78.5,-0.9,457,19.877,255,320
,103,
												
													DSHGARME												
											,154.9,161,154.9,154.9,158,-3.1,317,4.96,31,519
,104,
												
													DSSL												
											,18.4,18.9,18.1,18.4,18.3,0.1,1,295,58.879,3,179,689
,105,
												
													DULAMIACOT												
											,55.2,57.9,53.9,55,54.9,0.3,26,0.205,3,722
,106,
												
													DUTCHBANGL												
											,65.9,66.9,64.8,66.1,65.1,0.8,293,7.504,113,908
,107,
												
													EASTERNINS												
											,0,0,0,58.5,58.5,--,0,0,0
,108,
												
													EASTLAND												
											,29.2,29.4,28.3,28.5,28.7,0.5,174,4.627,160,904
,109,
												
													EASTRNLUB												
											,1,503.4,1,515,1,491.1,1,503.4,1,475.7,27.7,811,6.542,4,343
,110,
												
													EBL												
											,33.4,33.7,33.1,33.4,33.1,0.3,175,6.744,201,962
,111,
												
													EBL1STMF												
											,7,7.2,7,7,7.1,-0.1,80,2.377,336,547
,112,
												
													EBLNRBMF												
											,6.3,6.4,6.3,6.3,6.3,0,54,6.128,972,616
,113,
												
													ECABLES												
											,127.6,131.5,127.2,127.6,129.3,-1.7,118,2.253,17,659
,114,
												
													EGEN												
											,47.5,48.7,47.3,47.4,47.7,-0.2,66,2.519,52,722
,115,
												
													EHL												
											,57.9,59.2,57.8,57.9,58.9,-1,794,43.938,755,301
,116,
												
													EIL												
											,25.8,26.5,25.5,25.8,25.5,0.3,290,5.8,223,857
,117,
												
													EMERALDOIL												
											,37.4,38.3,37.4,37.4,38.1,-0.7,522,19.329,514,968
,118,
												
													ENVOYTEX												
											,44.6,45.8,44.3,44.5,45,-0.4,212,8.313,185,562
,119,
												
													EPGL												
											,36.9,37.5,36.8,36.9,37.2,-0.3,257,5.232,141,083
,120,
												
													ESQUIRENIT												
											,34.1,34.6,34,34.1,34.1,0,133,7.733,225,983
,121,
												
													ETL												
											,9.4,9.7,9.4,9.4,9.5,-0.1,187,4.247,447,298
,122,
												
													EXIM1STMF												
											,6,6,5.9,6,5.9,0.1,60,2.471,413,082
,123,
												
													EXIMBANK												
											,11.7,11.7,11.7,11.7,11.9,-0.2,169,4.297,367,288
,124,
												
													FAMILYTEX												
											,4.8,4.8,4.7,4.8,4.5,0.3,166,2.236,467,916
,125,
												
													FARCHEM												
											,11.5,11.5,11.3,11.5,11.3,0.2,323,7.312,637,658
,126,
												
													FAREASTFIN												
											,5.4,5.4,5.3,5.3,5.3,0.1,48,0.45,84,190
,127,
												
													FAREASTLIF												
											,83.6,85.2,82.5,83.6,84,-0.4,484,22.794,271,324
,128,
												
													FASFIN												
											,5.2,5.3,5.1,5.2,5.2,0,179,3.729,716,927
,129,
												
													FBFIF												
											,5.2,5.3,5.1,5.2,5.1,0.1,90,4.327,831,051
,130,
												
													FEDERALINS												
											,27.2,27.9,26.6,27.2,26.8,0.4,267,2.751,101,344
,131,
												
													FEKDIL												
											,17.9,18.4,17.7,17.8,17.9,0,241,15.134,832,569
,132,
												
													FINEFOODS												
											,42.8,43.7,42.6,42.8,42.9,-0.1,100,1.173,27,286
,133,
												
													FIRSTFIN												
											,5.6,5.8,5.6,5.6,5.7,-0.1,102,1.6,285,590
,134,
												
													FIRSTSBANK												
											,10.6,11,10.3,10.6,10.4,0.2,812,49.683,4,675,180
,135,
												
													FORTUNE												
											,107.7,111.9,107.7,107.7,109.8,-2.1,1,654,188.676,1,738,416
,136,
												
													FUWANGCER												
											,18.2,19,18.2,18.2,18.5,-0.3,1,383,52.621,2,849,832
,137,
												
													FUWANGFOOD												
											,20.6,21.1,19.9,20.6,20.1,0.5,1,742,95.199,4,610,415
,138,
												
													GBBPOWER												
											,22.2,23,22.1,22.2,22.2,0,689,21.013,937,940
,139,
												
													GEMINISEA												
											,335.4,349.8,329.8,335.4,322.3,13.1,2,617,68.072,199,425
,140,
												
													GENEXIL												
											,87.5,93.6,86.4,87.5,86.8,0.7,3,860,218.431,2,437,533
,141,
												
													GENNEXT												
											,6.2,6.4,6.1,6.2,6.2,0,225,5.289,847,838
,142,
												
													GHAIL												
											,20.2,20.9,20.2,20.2,20.6,-0.4,815,36.375,1,784,721
,143,
												
													GHCL												
											,31.8,32.9,31.8,31.8,31.8,0,5,0.086,2,702
,144,
												
													GLOBALINS												
											,0,0,0,35.5,35.5,--,0,0,0
,145,
												
													GOLDENSON												
											,17.3,17.8,17.2,17.3,17.4,-0.1,559,20.023,1,140,928
,146,
												
													GP												
											,307.5,312,306.4,307.5,309.3,-1.8,665,19.531,63,458
,147,
												
													GPHISPAT												
											,53.8,54.7,53.7,53.8,54.5,-0.7,1,381,93.017,1,714,673
,148,
												
													GQBALLPEN												
											,107.5,108.4,105.2,107.5,105.9,1.6,370,4.682,43,690
,149,
												
													GRAMEENS2												
											,15.8,15.9,15.7,15.8,15.8,0,33,0.325,20,529
,150,
												
													GREENDELMF												
											,7.1,7.3,7,7.1,7,0.1,41,0.854,120,369
,151,
												
													GREENDELT												
											,70.9,71.7,69.9,70.9,69.9,1,102,2.533,35,995
,152,
												
													GSPFINANCE												
											,33,33.3,32.8,33,33.4,-0.4,1,510,220.343,6,696,523
,153,
												
													HAKKANIPUL												
											,53,54.8,52.8,53,53.5,-0.5,325,2.626,49,246
,154,
												
													HEIDELBCEM												
											,209.1,212,208,209.1,207.6,1.5,42,0.5,2,387
,155,
												
													HFL												
											,21,21.7,20.7,21,21,0,565,14.342,675,582
,156,
												
													HRTEX												
											,73.6,75,73,73.6,73.8,-0.2,257,10.083,135,644
,157,
												
													HWAWELLTEX												
											,45.5,47,44.7,45.5,45.6,-0.1,46,1.387,30,476
,158,
												
													IBNSINA												
											,288.1,290.6,288,288.2,290.6,-2.5,44,0.252,871
,159,
												
													IBP												
											,18,18.3,17.9,18,18,0,404,18.048,994,738
,160,
												
													ICB												
											,102.2,103,101,102.2,102.6,-0.4,197,4.127,40,321
,161,
												
													ICB3RDNRB												
											,6.8,6.9,6.8,6.8,6.7,0.1,20,0.235,34,503
,162,
												
													ICBAGRANI1												
											,9.2,9.3,9.2,9.3,9.3,-0.1,3,0.065,7,000
,163,
												
													ICBAMCL2ND												
											,8.7,8.7,8.5,8.6,8.6,0.1,74,1.949,227,573
,164,
												
													ICBEPMF1S1												
											,7,7.1,6.9,7,7,0,12,0.291,41,517
,165,
												
													ICBIBANK												
											,4.4,4.4,4.4,4.4,4.2,0.2,164,2.203,500,697
,166,
												
													ICBSONALI1												
											,8.1,8.1,8.1,8.1,8.2,-0.1,4,0.192,23,654
,167,
												
													IDLC												
											,51.1,52.9,50.9,51.1,50.7,0.4,284,12.98,250,604
,168,
												
													IFADAUTOS												
											,50.2,51.5,50.2,50.2,51.2,-1,651,22.439,443,702
,169,
												
													IFIC												
											,12.8,13.2,11.9,12.8,12,0.8,2,794,167.905,13,232,732
,170,
												
													IFIC1STMF												
											,5.4,5.4,5.3,5.4,5.3,0.1,45,1.604,297,700
,171,
												
													IFILISLMF1												
											,6.7,6.8,6.5,6.7,6.5,0.2,13,0.083,12,386
,172,
												
													ILFSL												
											,5.5,5.6,5.5,5.5,5.5,0,94,2.191,398,159
,173,
												
													IMAMBUTTON												
											,76.4,78.5,72.8,75.3,73.9,2.5,308,4.472,58,804
,174,
												
													INDEXAGRO												
											,101.6,104,100.9,101.6,100.9,0.7,162,3.503,33,985
,175,
												
													INTECH												
											,27.9,28.2,27.6,27.9,28,-0.1,90,1.252,44,726
,176,
												
													INTRACO												
											,20.8,21.6,20.7,20.8,20.8,0,421,31.184,1,494,708
,177,
												
													IPDC												
											,53.6,55.3,53.1,53.6,52.9,0.7,1,983,236.253,4,364,887
,178,
												
													ISLAMIBANK												
											,31.5,32,31.3,31.9,31.9,-0.4,248,10.418,331,591
,179,
												
													ISLAMICFIN												
											,23.6,24.5,23.5,23.6,23.7,-0.1,581,33.414,1,404,505
,180,
												
													ISLAMIINS												
											,42.6,43.7,42.5,43,41.7,0.9,206,4.812,111,982
,181,
												
													ISNLTD												
											,43.3,44.5,43.1,43.3,43.4,-0.1,203,2.383,54,412
,182,
												
													ITC												
											,34.4,35.4,34,34.4,34.5,-0.1,434,10.669,306,457
,183,
												
													JAMUNABANK												
											,21.1,21.3,20.6,21.3,20.6,0.5,139,8.124,389,738
,184,
												
													JAMUNAOIL												
											,167.1,168.4,167,167.1,168.1,-1,105,3.025,18,086
,185,
												
													JANATAINS												
											,35.8,36.3,33.8,35.8,33.6,2.2,341,5.926,170,067
,186,
												
													JHRML												
											,78.8,80.9,78.8,78.8,80.4,-1.6,3,714,164.356,2,063,476
,187,
												
													JMISMDL												
											,305.1,312.1,303.8,305.1,309.1,-4,169,5.644,18,327
,188,
												
													JUTESPINN												
											,131.4,131.4,128,129.4,126,5.4,23,0.19,1,470
,189,
												
													KARNAPHULI												
											,35.9,36.5,33.2,35.9,33.2,2.7,554,24.733,702,301
,190,
												
													KAY&QUE												
											,246,254,246,247.9,247.8,-1.8,87,1.54,6,164
,191,
												
													KBPPWBIL												
											,12,12.8,11.8,12,11.7,0.3,239,4.507,374,113
,192,
												
													KDSALTD												
											,55.7,56.9,55,55.7,55.9,-0.2,480,12.479,223,995
,193,
												
													KEYACOSMET												
											,7.1,7.3,7,7.1,6.9,0.2,1,221,62.111,8,700,924
,194,
												
													KOHINOOR												
											,393.4,395,390,393.6,388.9,4.5,60,0.376,956
,195,
												
													KPCL												
											,28.6,29.4,28.5,28.6,28.5,0.1,273,3.932,137,247
,196,
												
													KPPL												
											,8.9,9,8.7,8.9,8.8,0.1,104,2.165,245,132
,197,
												
													KTL												
											,32.7,33,32.4,32.7,33,-0.3,465,47.803,1,459,848
,198,
												
													LANKABAFIN												
											,30.5,31.4,30.5,30.5,31.1,-0.6,970,43.477,1,410,143
,199,
												
													LEGACYFOOT												
											,55,57.4,54.8,55,55.8,-0.8,150,2.128,38,558
,200,
												
													LHBL												
											,73,74,72.9,73,74,-1,1,107,81.695,1,112,091
,201,
												
													LIBRAINFU												
											,829.9,872,829.9,829.9,845.3,-15.4,119,1.652,1,982
,202,
												
													LINDEBD												
											,1,401.3,1,423,1,400,1,401.8,1,412.8,-11.5,206,5.174,3,679
,203,
												
													LOVELLO												
											,43,44.8,43,43,43.8,-0.8,806,54.935,1,267,553
,204,
												
													LRBDL												
											,38,38.6,36.1,38,36.8,1.2,1,833,62.424,1,660,440
,205,
												
													LRGLOBMF1												
											,6.7,6.7,6.5,6.6,6.5,0.2,75,3.538,540,595
,206,
												
													MAKSONSPIN												
											,23.7,24.3,23.5,23.7,23.8,-0.1,798,39.769,1,665,562
,207,
												
													MALEKSPIN												
											,27.7,28.4,27.5,27.7,27.7,0,616,25.998,933,042
,208,
												
													MARICO												
											,2,349.9,2,352,2,348,2,349.9,2,339.6,10.3,107,4.994,2,125
,209,
												
													MATINSPINN												
											,68.3,69.2,68,68.3,68.4,-0.1,332,11.509,168,046
,210,
												
													MBL1STMF												
											,8.1,8.3,8.1,8.1,8.1,0,122,2.888,353,450
,211,
												
													MEGCONMILK												
											,18.6,20,18.6,19,18.8,-0.2,24,0.159,8,365
,212,
												
													MEGHNACEM												
											,70.2,70.7,68.7,69.5,69.8,0.4,36,0.426,6,129
,213,
												
													MEGHNALIFE												
											,67,67.7,66,67,66.7,0.3,72,1.733,25,857
,214,
												
													MEGHNAPET												
											,25.1,25.7,25,25.1,25.3,-0.2,91,0.915,36,216
,215,
												
													MERCANBANK												
											,15,15.3,14.9,15,14.9,0.1,452,17.561,1,164,360
,216,
												
													MERCINS												
											,38.5,39,37.5,38.1,38.2,0.3,24,0.494,12,917
,217,
												
													METROSPIN												
											,21.1,21.8,21,21.1,21.4,-0.3,252,5.72,267,661
,218,
												
													MHSML												
											,28.9,30.3,28.8,28.9,29.3,-0.4,322,9.325,318,126
,219,
												
													MIDASFIN												
											,14,14.6,14,14.1,14.2,-0.2,89,1.607,112,534
,220,
												
													MIRACLEIND												
											,26.1,26.7,25.6,26.1,25.9,0.2,202,4.103,157,847
,221,
												
													MIRAKHTER												
											,55,56.9,54.6,55,54.6,0.4,189,4.628,82,633
,222,
												
													MITHUNKNIT												
											,15.3,15.6,15,15.3,14.7,0.6,90,1.098,71,534
,223,
												
													MJLBD												
											,89.5,90.5,89.2,89.5,88.8,0.7,69,1.313,14,637
,224,
												
													MLDYEING												
											,21.6,22.8,21.1,21.6,21.1,0.5,213,3.092,143,418
,225,
												
													MONNOAGML												
											,466.6,478,463.1,464.6,472.5,-5.9,156,2.649,5,644
,226,
												
													MONNOCERA												
											,101.3,103.7,100.1,101.3,100.1,1.2,307,4.304,42,520
,227,
												
													MONNOFABR												
											,20.1,21,20.1,20.2,20.5,-0.4,269,4.954,240,500
,228,
												
													MONOSPOOL												
											,187.6,198,186.6,187.6,190.4,-2.8,1,068,21.843,113,422
,229,
												
													MPETROLEUM												
											,200,202,198.6,200.2,199.4,0.6,323,10.429,51,985
,230,
												
													MTB												
											,18.3,18.4,17.9,18.2,17.9,0.4,78,1.644,90,660
,231,
												
													NAHEEACP												
											,67.3,69.4,67,67.3,68.3,-1,658,27.403,402,314
,232,
												
													NATLIFEINS												
											,179.4,183,179.4,180,183,-3.6,28,0.449,2,490
,233,
												
													NAVANACNG												
											,27.4,27.9,27.3,27.4,27.5,-0.1,62,2.029,73,773
,234,
												
													NBL												
											,7.3,7.4,7.2,7.3,7.2,0.1,395,40.309,5,543,146
,235,
												
													NCCBANK												
											,15.6,15.7,15.4,15.6,15.5,0.1,374,24.867,1,593,083
,236,
												
													NCCBLMF1												
											,7,7,6.9,7,6.9,0.1,24,0.079,11,331
,237,
												
													NEWLINE												
											,46.3,46.3,45.6,45.6,46.5,-0.2,40,2.681,58,776
,238,
												
													NFML												
											,18.2,18.7,18.2,18.2,18.5,-0.3,383,8.742,475,685
,239,
												
													NHFIL												
											,44.6,46.1,44.6,44.6,45.5,-0.9,801,31.15,688,385
,240,
												
													NITOLINS												
											,43.9,47.6,43.6,43.9,43.5,0.4,143,2.239,50,627
,241,
												
													NLI1STMF												
											,0,0,0,14.4,14.4,--,0,0,0
,242,
												
													NORTHERN												
											,233.6,237.2,233.3,233.9,237.2,-3.6,63,0.921,3,933
,243,
												
													NORTHRNINS												
											,45.4,46,45.2,45.4,45.7,-0.3,130,1.66,36,454
,244,
												
													NPOLYMER												
											,52.5,53.7,52.4,52.5,53.4,-0.9,630,24.317,460,127
,245,
												
													NRBCBANK												
											,21.7,22.8,21,21.7,21.2,0.5,1,206,55.37,2,540,536
,246,
												
													NTC												
											,677.1,703.5,671.1,677.1,682.2,-5.1,218,4.141,6,055
,247,
												
													NTLTUBES												
											,78,80,75.5,78,76.3,1.7,294,5.932,76,159
,248,
												
													NURANI												
											,6.7,6.8,6.6,6.7,6.6,0.1,91,1.009,150,531
,249,
												
													OAL												
											,10.8,11.2,10.8,10.8,11,-0.2,398,8.009,731,956
,250,
												
													OIMEX												
											,18.2,18.4,18,18.2,18.2,0,104,2.282,125,401
,251,
												
													OLYMPIC												
											,124.2,127,123,124.2,123.9,0.3,637,11.729,93,497
,252,
												
													ONEBANKLTD												
											,11.4,11.6,10.8,11.4,10.8,0.6,758,42.135,3,745,712
,253,
												
													ORIONINFU												
											,81.5,83,80.1,81.5,80.5,1,841,25.729,315,199
,254,
												
													ORIONPHARM												
											,93.1,95,91.4,93.1,91.9,1.2,2,249,265.337,2,837,699
,255,
												
													PADMALIFE												
											,48.9,49,47.7,48.6,48.6,0.3,399,8.955,185,817
,256,
												
													PADMAOIL												
											,207.5,209,204.9,207.5,206.6,0.9,148,10.024,48,380
,257,
												
													PAPERPROC												
											,188.8,198.9,184.5,188.8,183.2,5.6,2,346,53.289,276,763
,258,
												
													PARAMOUNT												
											,46.5,47.1,45.8,46.5,45.7,0.8,240,3.43,73,667
,259,
												
													PDL												
											,11.8,12.2,11.7,11.8,11.9,-0.1,481,18.953,1,587,479
,260,
												
													PENINSULA												
											,30.4,31.4,30.4,30.4,31,-0.6,594,18.465,601,097
,261,
												
													PEOPLESINS												
											,49.9,52.5,49,49.9,49.3,0.6,347,15.226,304,502
,262,
												
													PF1STMF												
											,10.4,10.6,10.2,10.4,10.4,0,138,2.942,284,550
,263,
												
													PHARMAID												
											,802,816,798,799.7,810,-8,562,25.281,31,312
,264,
												
													PHENIXINS												
											,41.6,42.6,40.6,40.8,41.4,0.2,558,16.49,400,902
,265,
												
													PHOENIXFIN												
											,18.8,19.2,18.7,18.8,19,-0.2,193,4.777,252,380
,266,
												
													PHPMF1												
											,5.3,5.4,5.2,5.3,5.3,0,59,2.631,494,656
,267,
												
													PIONEERINS												
											,74.5,76.4,74,74.5,75.2,-0.7,702,29.398,390,647
,268,
												
													PLFSL												
											,0,0,0,3,3,--,0,0,0
,269,
												
													POPULAR1MF												
											,5.2,5.3,5.1,5.2,5.1,0.1,81,1.404,270,051
,270,
												
													POPULARLIF												
											,67.9,68.8,67.2,67.9,66.8,1.1,151,2.589,38,192
,271,
												
													POWERGRID												
											,56.9,58,56.9,56.9,58,-1.1,932,40.112,699,959
,272,
												
													PRAGATIINS												
											,60.5,63.5,59.5,60.5,60,0.5,227,5.085,83,921
,273,
												
													PRAGATILIF												
											,77.4,81,76.8,77.4,78,-0.6,125,2.287,28,743
,274,
												
													PREMIERBAN												
											,13.4,13.7,13,13.4,13,0.4,578,30.056,2,259,125
,275,
												
													PREMIERCEM												
											,47.4,48.5,47.1,47.4,47.7,-0.3,246,5.854,123,185
,276,
												
													PREMIERLEA												
											,6.8,6.9,6.7,6.8,6.7,0.1,50,1.075,158,411
,277,
												
													PRIME1ICBA												
											,7.5,7.6,7.4,7.6,7.5,0,23,0.383,50,741
,278,
												
													PRIMEBANK												
											,19.6,20.3,19.5,19.9,19.5,0.1,135,6.898,348,046
,279,
												
													PRIMEFIN												
											,11.2,11.5,11.2,11.2,11.3,-0.1,218,8.674,765,378
,280,
												
													PRIMEINSUR												
											,73.7,77.7,73.7,73.7,75.2,-1.5,24,0.266,3,600
,281,
												
													PRIMELIFE												
											,57,59,57,57.3,58.1,-1.1,114,3.547,61,295
,282,
												
													PRIMETEX												
											,25.5,26.2,25.4,25.5,25.6,-0.1,173,4.16,161,303
,283,
												
													PROGRESLIF												
											,77.5,78.5,76.2,77.5,77.2,0.3,96,2.556,32,979
,284,
												
													PROVATIINS												
											,0,0,0,70.2,70.2,--,0,0,0
,285,
												
													PTL												
											,78.7,81.3,78.6,78.7,80.2,-1.5,345,17.048,214,332
,286,
												
													PUBALIBANK												
											,24.6,24.9,24.3,24.6,24.4,0.2,99,3.478,141,627
,287,
												
													PURABIGEN												
											,28.4,28.6,27.7,28.2,27.8,0.6,154,2.233,79,079
,288,
												
													QUASEMIND												
											,59.2,61,58.8,59.2,60,-0.8,983,42.456,705,980
,289,
												
													QUEENSOUTH												
											,24,24.7,23.8,24,24,0,789,36.174,1,494,622
,290,
												
													RAHIMAFOOD												
											,248.8,258.9,246.7,248.8,243.3,5.5,1,238,33.734,133,492
,291,
												
													RAHIMTEXT												
											,220,224,220,220.8,223.6,-3.6,120,1.928,8,704
,292,
												
													RAKCERAMIC												
											,43.4,48,43.2,43.4,43.7,-0.3,732,24.282,550,011
,293,
												
													RANFOUNDRY												
											,174.3,178,172.6,174.3,176,-1.7,145,2.565,14,679
,294,
												
													RDFOOD												
											,46.3,48.8,45.7,46.3,46.6,-0.3,1,728,71.721,1,520,011
,295,
												
													RECKITTBEN												
											,4,707,4,750,4,705.1,4,707,4,720.6,-13.6,66,1.136,241
,296,
												
													REGENTTEX												
											,9.1,9.6,9,9.1,9,0.1,93,1.166,126,458
,297,
												
													RELIANCE1												
											,11,11.1,10.8,10.9,10.9,0.1,15,0.238,21,800
,298,
												
													RELIANCINS												
											,60,61,59.7,60,60.1,-0.1,106,2.087,34,724
,299,
												
													RENATA												
											,1,339.5,1,350,1,337,1,338.8,1,339.2,0.3,164,8.273,6,169
,300,
												
													RENWICKJA												
											,928,950,928,929.8,945,-17,48,0.255,273
,301,
												
													REPUBLIC												
											,44,44.7,43.7,44,43.8,0.2,70,2.443,55,518
,302,
												
													RINGSHINE												
											,9.6,9.8,9.5,9.6,9.5,0.1,943,49.191,5,083,462
,303,
												
													RNSPIN												
											,6.5,6.8,6.4,6.5,6.5,0,81,1.403,215,293
,304,
												
													ROBI												
											,29.7,30,29.5,29.7,29.2,0.5,789,19,638,383
,305,
												
													RSRMSTEEL												
											,19.5,19.9,18.5,19.5,18.2,1.3,513,13.35,688,983
,306,
												
													RUNNERAUTO												
											,51.3,51.6,50.6,51.3,50.8,0.5,220,3.006,58,784
,307,
												
													RUPALIBANK												
											,26.5,28.1,25.5,26.6,25.9,0.6,72,0.755,28,550
,308,
												
													RUPALIINS												
											,30.2,31.2,29.3,30.2,29.2,1,413,8.197,270,659
,309,
												
													RUPALILIFE												
											,65.2,67.7,64.6,65.2,65.1,0.1,164,2.418,36,879
,310,
												
													SAFKOSPINN												
											,20.5,21.3,20,20.5,20.1,0.4,413,8.888,427,723
,311,
												
													SAIFPOWER												
											,32.6,33.5,32.6,32.6,33.2,-0.6,1,241,58.079,1,761,231
,312,
												
													SAIHAMCOT												
											,16.5,17,16.5,16.5,16.7,-0.2,317,9.581,573,238
,313,
												
													SAIHAMTEX												
											,22.5,23.5,22.3,22.5,22.4,0.1,523,19.894,872,077
,314,
												
													SALAMCRST												
											,31.1,33.3,31.1,31.1,31.7,-0.6,1,169,44.741,1,397,196
,315,
												
													SALVOCHEM												
											,61.1,62.3,60.4,61.1,61.6,-0.5,1,236,73.572,1,205,320
,316,
												
													SAMATALETH												
											,67.9,69.3,67.5,67.9,67.6,0.3,128,2.844,41,563
,317,
												
													SAMORITA												
											,71.3,74,71,71.3,72.1,-0.8,375,6.944,96,397
,318,
												
													SANDHANINS												
											,29.6,30.1,29.4,29.9,29.8,-0.2,142,3.094,103,390
,319,
												
													SAPORTL												
											,29.4,30.3,29.4,29.4,29.9,-0.5,504,14.138,474,860
,320,
												
													SAVAREFR												
											,200,207,200,200,203.9,-3.9,39,0.31,1,538
,321,
												
													SBACBANK												
											,11.7,11.7,10.8,11.7,10.7,1,583,12.906,1,129,005
,322,
												
													SEAPEARL												
											,43.8,45.7,43.6,43.8,44.4,-0.6,279,9.923,225,805
,323,
												
													SEMLFBSLGF												
											,8.3,8.4,8.2,8.3,8.2,0.1,57,0.604,72,862
,324,
												
													SEMLIBBLSF												
											,8.6,8.8,8.6,8.6,8.7,-0.1,44,1.132,131,502
,325,
												
													SEMLLECMF												
											,10.7,10.8,10.4,10.7,10.6,0.1,228,5.029,474,381
,326,
												
													SHAHJABANK												
											,19.9,20.1,19.5,20,19.8,0.1,47,0.853,42,955
,327,
												
													SHASHADNIM												
											,28.5,29.8,27.4,28.5,27.4,1.1,1,254,73.117,2,542,878
,328,
												
													SHEPHERD												
											,27,27.6,26.8,26.9,27.2,-0.2,190,5.91,217,393
,329,
												
													SHURWID												
											,19,19.6,18.9,19,19.2,-0.2,335,8.251,428,005
,330,
												
													SHYAMPSUG												
											,83.1,87,83,83.1,84.6,-1.5,55,0.751,8,943
,331,
												
													SIBL												
											,14.2,14.5,13.6,14.2,13.5,0.7,261,5.924,422,480
,332,
												
													SILCOPHL												
											,28.2,29,27.6,28.2,27.7,0.5,1,242,80.404,2,833,172
,333,
												
													SILVAPHL												
											,25.3,26,25.3,25.3,25.8,-0.5,1,255,73.631,2,879,384
,334,
												
													SIMTEX												
											,17,17.4,16.8,17,16.9,0.1,233,5.328,312,161
,335,
												
													SINGERBD												
											,166.8,167,164,166.8,166.5,0.3,63,6.038,36,188
,336,
												
													SINOBANGLA												
											,51.5,53.5,51,51.8,51.9,-0.4,129,2.81,54,155
,337,
												
													SKICL												
											,48.8,49.1,46.6,48.8,46.6,2.2,661,11.593,241,218
,338,
												
													SKTRIMS												
											,25.1,26.6,25.1,25.2,25.4,-0.3,113,1.401,55,056
,339,
												
													SONALIANSH												
											,430.3,445,425,430.3,428.6,1.7,255,3.824,8,785
,340,
												
													SONALILIFE												
											,53.2,53.5,52.7,53.2,53.5,-0.3,157,2.809,52,826
,341,
												
													SONALIPAPR												
											,554,569.7,554,554,565.3,-11.3,1,072,29.534,52,852
,342,
												
													SONARBAINS												
											,46.7,46.8,44,46.3,44.3,2.4,429,8.288,182,444
,343,
												
													SONARGAON												
											,31.9,32.4,30.9,31.9,30.8,1.1,1,151,42.08,1,321,333
,344,
												
													SOUTHEASTB												
											,14.7,14.9,14.5,14.7,14.6,0.1,723,55.11,3,739,137
,345,
												
													SPCERAMICS												
											,38.4,39.5,38.4,38.4,39.1,-0.7,2,705,147.868,3,802,734
,346,
												
													SPCL												
											,77.9,80.5,77.9,77.9,79.4,-1.5,651,24.474,310,682
,347,
												
													SQUARETEXT												
											,67.7,69.1,67.3,67.7,68.3,-0.6,512,24.195,353,115
,348,
												
													SQURPHARMA												
											,215.8,216.9,215,215.8,216.5,-0.7,865,77.53,359,551
,349,
												
													SSSTEEL												
											,17.4,17.8,17.4,17.4,17.6,-0.2,710,15.314,873,703
,350,
												
													STANCERAM												
											,139.3,142.3,135.2,138.6,134.8,4.5,150,2.246,16,234
,351,
												
													STANDARINS												
											,50.8,52.9,50,50.8,50.1,0.7,93,1.466,28,900
,352,
												
													STANDBANKL												
											,9.6,9.8,9.3,9.6,9.3,0.3,184,6.73,708,178
,353,
												
													STYLECRAFT												
											,108,112.5,107.8,108,108.2,-0.2,368,3.719,33,974
,354,
												
													SUMITPOWER												
											,37.7,37.9,37.4,37.7,37.5,0.2,178,5.288,140,556
,355,
												
													SUNLIFEINS												
											,44.4,44.8,43.8,44.4,44,0.4,356,9.467,214,035
,356,
												
													TAKAFULINS												
											,53,53.9,51.5,53,51.9,1.1,181,3.705,70,750
,357,
												
													TALLUSPIN												
											,10.1,10.4,10.1,10.1,10.3,-0.2,115,1.887,184,918
,358,
												
													TAMIJTEX												
											,215.6,217.4,204,215.6,197.7,17.9,972,23.567,109,506
,359,
												
													TITASGAS												
											,38.4,38.9,38.3,38.4,38.7,-0.3,360,9.686,251,658
,360,
												
													TOSRIFA												
											,19.9,20.6,19.6,19.9,19.9,0,366,13.432,669,854
,361,
												
													TRUSTB1MF												
											,5.7,5.7,5.5,5.7,5.5,0.2,127,2.536,450,258
,362,
												
													TRUSTBANK												
											,38.1,38.3,37.8,38.2,37.9,0.2,105,8.933,234,899
,363,
												
													TUNGHAI												
											,5.4,5.6,5.4,5.4,5.4,0,40,0.549,101,101
,364,
												
													UCB												
											,14.3,14.7,14.1,14.4,14.1,0.2,111,3.694,257,336
,365,
												
													UNILEVERCL												
											,2,826.9,2,848,2,821,2,826.9,2,793.8,33.1,24,0.359,127
,366,
												
													UNIONBANK												
											,0,0,0,11.2,11.2,--,0,0,0
,367,
												
													UNIONCAP												
											,7.1,7.3,7.1,7.2,6.9,0.2,102,2.157,300,106
,368,
												
													UNIONINS												
											,36.1,36.8,35.9,36.1,36.4,-0.3,820,10.477,288,953
,369,
												
													UNIQUEHRL												
											,63.2,64.9,63.2,63.2,64.4,-1.2,1,061,53.477,835,855
,370,
												
													UNITEDFIN												
											,17,17.9,16.8,16.9,17,0,304,7.956,465,375
,371,
												
													UNITEDINS												
											,44.5,46,43,43.2,42.8,1.7,50,1.608,36,998
,372,
												
													UPGDCL												
											,246.1,248.5,245.5,246.1,245.9,0.2,262,9.079,36,819
,373,
												
													USMANIAGL												
											,63.5,65.7,60.2,63.5,59.9,3.6,207,3.884,61,336
,374,
												
													UTTARABANK												
											,23.3,23.4,22.8,23.3,23,0.3,254,7.221,312,139
,375,
												
													UTTARAFIN												
											,36.6,37.2,35.7,36.9,35.9,0.7,66,1.327,36,086
,376,
												
													VAMLBDMF1												
											,7.5,7.5,7.3,7.4,7.3,0.2,30,0.478,64,602
,377,
												
													VAMLRBBF												
											,7.1,7.2,7.1,7.1,7.2,-0.1,34,0.473,66,485
,378,
												
													VFSTDL												
											,25.1,26.1,24.8,25.1,25,0.1,1,557,121.373,4,770,547
,379,
												
													WALTONHIL												
											,1,085,1,100,1,078.5,1,081.5,1,082.4,2.6,224,2.87,2,653
,380,
												
													WATACHEM												
											,212.5,217.3,211.2,214,213.4,-0.9,164,2.973,13,767
,381,
												
													WMSHIPYARD												
											,12.6,12.6,12.4,12.6,11.5,1.1,779,35.917,2,851,713
,382,
												
													YPL												
											,20.6,21.5,20.5,20.6,20.9,-0.3,1,020,33.928,1,621,104
,383,
												
													ZAHEENSPIN												
											,11,11.3,11,11,11.2,-0.2,170,13.216,1,197,571
,384,
												
													ZAHINTEX												
											,8,8.3,7.9,8,8,0,45,0.512,63,459
,385,
												
													ZEALBANGLA												
											,171.5,179.8,171.5,171.5,174.9,-3.4,160,2.486,14,246
